06010602
06010603
06010604
06010607
06020601
06020603
06020605
06020405
06030601
06030604
06030606
06030605
06030607
06040602
06040601
06040603
06040606
06050403
06050307
06050607
06050603
06050606
06060603
06060604
06060605
06060307
06060301
06060311
05010502
05010503
05020501
05020503
05020504
05020405
05030501
05030502
05030504
05040502
05040503
05040203
04010402
04010405
04010406
04020401
04020403
04020404
04020405
04020406
04020307
04030402
04030405
04030307
04030605
04040402
04040406
04050401
04050402
04050403
04050607
04050502
04060401
04060402
04060404
03010302
03010303
03010307
03010311
03010606
03020301
03020303
03020308
03020309
03020310
03020311
03030301
03030302
03030307
03030309
03040306
03040308
03040310
03040312
03050306
03050308
03060304
03060305
03060308
03060312
03060201
03070301
03070303
03070605
03070606
03070402
03070403
03080302
03080304
03080305
03080306
03080310
03090302
03090303
03090102
03100302
03100304
03100308
03100311
03100312
03110301
03110302
03110310
03110606
03120304
03120306
03120310
02010202
02010206
02010306
02020201
02020206
02020207
02020209
02030204
02030209
02030504
02040203
02040207
02040208
02040209
02050206
02050207
02050208
02050602
02060201
02060202
02060205
02060207
02070202
02070204
02070205
02070206
02070208
02070209
02080204
02080205
02080207
02090202
02090203
02090204
02090207
01010103
01010104
01020103
01020104
01020309
01030101
01030102
01030104
01040101
01040102
01040103

